loss0 = 0.8291195094048089
loss_Z-0 : 0.30926172950066205

loss_Z-1 : 0.21196589968314367

loss_Z-2 : 0.1486803885219048

loss_Z-3 : 0.10542687480569275

loss_Z-4 : 0.07517687382595195

loss_Z-5 : 0.053754295952138056

loss_Z-6 : 0.03838521096987386

loss_Z-7 : 0.02732458390988736

loss_Z-8 : 0.019393415980750683

loss_Z-9 : 0.013765853701695158

loss_Z-10 : 0.009744532127579067

loss_Z-11 : 0.0068598213648794724

loss_Z-12 : 0.0048220175525801115

loss_Z-13 : 0.003390876457916097

loss_Z-14 : 0.002385783821722302

loss_Z-15 : 0.001676079184868659

loss_Z-16 : 0.0011663309734115898

loss_Z-17 : 0.0008007153565769094

loss_Z-18 : 0.0005487283852977976

나의 코드 실행 시간: 1.7582 초
loss : 0.0005487283852977976
Epoch 200, Loss: 0.0125
Epoch 400, Loss: 0.0062
Epoch 600, Loss: 0.0037
Epoch 800, Loss: 0.0024
Epoch 1000, Loss: 0.0016
Epoch 1200, Loss: 0.0012
Epoch 1400, Loss: 0.0008
Epoch 1600, Loss: 0.0006
Epoch 1600, Loss: 0.0006
Adam 학습 코드 실행 시간: 6.4451 초
학습 완료
Validation Loss: 0.0120
Validatio loss in my model : 0.0014158065584205309
data : 10000
