loss_Z-0 : 1.9066027428454362

loss_Z-1 : 0.8591534899507315

loss_Z-2 : 0.35195029816661905

loss_Z-3 : 0.27933769684650545

loss_Z-4 : 0.22536492212163597

loss_Z-5 : 0.18378727368393905

loss_Z-6 : 0.15100199996176836

loss_Z-7 : 0.12471948582201436

loss_Z-8 : 0.1033890893450868

loss_Z-9 : 0.08593475499931119

loss_Z-10 : 0.07154105194788493

loss_Z-11 : 0.05962286089554356

loss_Z-12 : 0.04973353264398665

loss_Z-13 : 0.04150634316713872

loss_Z-14 : 0.03467376102425959

loss_Z-15 : 0.028992448508272872

loss_Z-16 : 0.02426817671493658

loss_Z-17 : 0.020331329411206085

loss_Z-18 : 0.017041750732148996

loss_Z-19 : 0.014298393338177133

loss_Z-20 : 0.01201552739763978

loss_Z-21 : 0.010113169748720107

loss_Z-22 : 0.008523716046506397

loss_Z-23 : 0.007188336098135174

loss_Z-24 : 0.006061971178720003

loss_Z-25 : 0.005110830718591306

loss_Z-26 : 0.004303213728110726

loss_Z-27 : 0.003615989431457811

loss_Z-28 : 0.0030297010053251263

loss_Z-29 : 0.0025306087085135267

loss_Z-30 : 0.002105915296298601

loss_Z-31 : 0.0017484283710099053

loss_Z-32 : 0.0014512364824578144

loss_Z-33 : 0.0012072947457951722

loss_Z-34 : 0.0010057199705252803

loss_Z-35 : 0.0008405653091893344

loss_Z-36 : 0.0007039935075506205

loss_Z-37 : 0.0005892303770740839

loss_Z-38 : 0.000491072582820967

loss : 0.000491072582820967
나의 코드 실행 시간: 15.7883 초
Epoch 200, Loss: 0.0199
Epoch 400, Loss: 0.0102
Epoch 600, Loss: 0.0070
Epoch 800, Loss: 0.0054
Epoch 1000, Loss: 0.0044
Epoch 1200, Loss: 0.0037
Epoch 1400, Loss: 0.0031
Epoch 1600, Loss: 0.0027
Adam 학습 코드 실행 시간: 32.5196 초
학습 완료
Validation Loss: 0.0038
Validatio loss in my model : 0.0006888370341221642
