loss0 = 4.373606682535195
loss_test : 4.373606682535195
loss_Z-0 : 2.2722878422234234

loss_Z-1 : 1.983143410889173

loss_Z-2 : 1.7707366425697741

loss_Z-3 : 1.6038037033139245

loss_Z-4 : 1.4027324075852212

loss_Z-5 : 1.1755000266955935

loss_Z-6 : 0.9364873754532572

loss_Z-7 : 0.7032561154207662

loss_Z-8 : 0.49243231392211523

loss_Z-9 : 0.31615598811870105

loss_Z-10 : 0.1802727106355994

loss_Z-11 : 0.08708467293109089

loss_Z-12 : 0.03328859616080277

loss_Z-13 : 0.008908018389211594

loss_Z-14 : 0.0013183759600949563

loss_Z-15 : 6.20148321255721e-05

나의 코드 실행 시간: 3.1723 초
loss : : 0.000062
Epoch 1, Loss: 4.373607
Epoch 200, Loss: 0.000629
Epoch 400, Loss: 0.000224
Epoch 600, Loss: 0.000113
Epoch 800, Loss: 0.000068
Epoch 1000, Loss: 0.000045
Adam 학습 코드 실행 시간: 12.9860 초
학습 완료
Validation Loss: 0.000050
Validatio loss in my model : 0.000066
data : 25000
