loss0 = 4.911417502310854
loss_test : 4.911417502310854
loss_Z-0 : 1.0514410289426421

loss_Z-1 : 0.9046937911919909

loss_Z-2 : 0.7941585824862694

loss_Z-3 : 0.7059710655069802

loss_Z-4 : 0.5988841884454056

loss_Z-5 : 0.47794407598142963

loss_Z-6 : 0.3535841264222386

loss_Z-7 : 0.2380390010684948

loss_Z-8 : 0.14286566968183925

loss_Z-9 : 0.07424427778704673

loss_Z-10 : 0.03269230135193621

loss_Z-11 : 0.011196323686344305

loss_Z-12 : 0.002512044957493617

loss_Z-13 : 0.0002893362000640932

loss_Z-14 : 1.1932581802538547e-05

나의 코드 실행 시간: 1.3066 초
loss : : 0.000012
Epoch 1, Loss: 4.911418
Epoch 200, Loss: 0.000335
Epoch 400, Loss: 0.000114
Epoch 600, Loss: 0.000057
Epoch 800, Loss: 0.000034
Epoch 1000, Loss: 0.000022
Adam 학습 코드 실행 시간: 5.3492 초
학습 완료
Validation Loss: 0.000055
Validatio loss in my model : 0.000015
data : 10000
