loss0 = 2.1371562291782493
loss_test : 2.1371562291782493
loss_Z-0 : 6.498687861861302

it : 0 - learn : 0.022500000000000003
loss_Z-1 : 1.0886054452464766

loss_Z-2 : 10.199726745392867

it : 2 - learn : 0.010125000000000002
loss_Z-3 : 9.814465370462395

it : 3 - learn : 0.004556250000000001
loss_Z-4 : 8.600569302332904

it : 4 - learn : 0.0020503125000000005
loss_Z-5 : 0.5069078972267791

loss_Z-6 : 0.49386960689741993

loss_Z-7 : 0.4814546192580445

loss_Z-8 : 0.4643433198011894

loss_Z-9 : 0.4411706100426545

loss_Z-10 : 0.41040847441178485

loss_Z-11 : 0.3707373459756367

loss_Z-12 : 0.3216409632820062

loss_Z-13 : 0.26329867307658295

loss_Z-14 : 0.19869221995372133

loss_Z-15 : 0.1334652756102956

loss_Z-16 : 0.07549615529841186

loss_Z-17 : 0.03292220173237714

loss_Z-18 : 0.009802286968235976

loss_Z-19 : 0.1716269299057533

it : 19 - learn : 0.07969821599388024
loss_Z-20 : 0.02428162553357449

it : 20 - learn : 0.03586419719724611
loss_Z-21 : 0.008216478648682607

loss_Z-22 : 0.005555547741423403

loss_Z-23 : 0.00385405246929999

loss_Z-24 : 0.002296764449281363

loss_Z-25 : 0.0010940801376549483

loss_Z-26 : 0.00037571345038157927

loss_Z-27 : 8.156100900410431e-05

나의 코드 실행 시간: 2.7758 초
loss : : 0.000082
Epoch 1, Loss: 2.137156
Epoch 50, Loss: 0.013125
Epoch 200, Loss: 0.001629
Epoch 400, Loss: 0.000769
Epoch 600, Loss: 0.000477
Epoch 800, Loss: 0.000333
Epoch 1000, Loss: 0.000248
Epoch 1200, Loss: 0.000193
Adam 학습 코드 실행 시간: 4.3168 초
학습 완료
Validation Loss: 0.000198
Validatio loss in my model : 0.000087
data : 5000
