loss0 = 0.8320690476840148
loss_Z-0 : 0.7323231263810934

loss_Z-1 : 0.6578028986910863

loss_Z-2 : 0.5983359681661543

loss_Z-3 : 0.5491795451846717

loss_Z-4 : 0.49161308016248345

loss_Z-5 : 0.42665850645047715

loss_Z-6 : 0.35645757443679105

loss_Z-7 : 0.2841157426888544

loss_Z-8 : 0.21291905585267867

loss_Z-9 : 0.1417407200407736

loss_Z-10 : 0.08793633867577053

loss_Z-11 : 0.04868851898704298

loss_Z-12 : 0.022447879754976426

loss_Z-13 : 0.012739651891999415

loss_Z-14 : 0.004407303463290833

loss_Z-15 : 7.4972848149038285

it : 15 - learn : 0.3189032571110398
loss_Z-16 : 7.482199322110318

it : 16 - learn : 0.23917744283327985
loss_Z-17 : 7.41331852680093

it : 17 - learn : 0.1793830821249599
loss_Z-18 : 4.795437297790929

it : 18 - learn : 0.13453731159371993
loss_Z-19 : 0.03415685450307977

it : 19 - learn : 0.10090298369528994
loss_Z-20 : 0.009243659453199554

it : 20 - learn : 0.07567723777146745
loss_Z-21 : 0.004891352665786933

it : 21 - learn : 0.05675792832860059
loss_Z-22 : 0.0038282246305308036

loss_Z-23 : 0.0023220534025141268

loss_Z-24 : 0.0016172918648496677

loss_Z-25 : 0.0010601976487845104

loss_Z-26 : 0.0006610118779140421

loss_Z-27 : 0.000333200066767679

loss_Z-28 : 0.0001986496086131307

loss_Z-29 : 0.0005862558186564054

it : 29 - learn : 0.16353094310036398
loss_Z-30 : 0.00029880375997438203

it : 30 - learn : 0.12264820732527298
loss_Z-31 : 0.0001547694562423532

loss_Z-32 : 0.00010578052827029767

loss_Z-33 : 5.8471967118616266e-05

loss_Z-34 : 3.871198274197103e-05

loss_Z-35 : 6.603763844322449e-06

나의 코드 실행 시간: 13.1850 초
loss : 6.603763844322449e-06
Epoch 200, Loss: 0.0060
Epoch 400, Loss: 0.0036
Epoch 600, Loss: 0.0025
Epoch 800, Loss: 0.0020
Epoch 1000, Loss: 0.0014
Epoch 1200, Loss: 0.0021
Epoch 1400, Loss: 0.0009
Epoch 1600, Loss: 0.0007
Epoch 1600, Loss: 0.0007
Adam 학습 코드 실행 시간: 54.8706 초
학습 완료
Validation Loss: 0.0027
Validatio loss in my model : 6.46503724592952e-05
data : 50000
