loss0 = 6.690520703117867
loss_test : 6.690520703117867
loss_Z-0 : 3.0334659269226547

loss_Z-1 : 9.131791877525956

it : 1 - learn : 0.025
loss_Z-2 : 6.579049880425644

it : 2 - learn : 0.0125
loss_Z-3 : 0.8110334760835058

loss_Z-4 : 0.7354734506976184

loss_Z-5 : 0.6720566219370799

loss_Z-6 : 0.5974157355087764

loss_Z-7 : 0.5135209441826115

loss_Z-8 : 0.4237513294993533

loss_Z-9 : 0.3324471283233761

loss_Z-10 : 0.24378671716029615

loss_Z-11 : 0.16142455706572495

loss_Z-12 : 0.09041399091503081

loss_Z-13 : 0.03856348626232534

loss_Z-14 : 0.011102100780706316

loss_Z-15 : 0.002028044572245845

loss_Z-16 : 0.00023354869068374613

loss_Z-17 : 1.4447950702922137e-05

나의 코드 실행 시간: 9.2516 초
loss : : 0.000014
Epoch 1, Loss: 6.690521
Epoch 50, Loss: 0.012289
Epoch 200, Loss: 0.000044
Epoch 400, Loss: 0.000034
Epoch 600, Loss: 0.000028
Epoch 800, Loss: 0.000024
Adam 학습 코드 실행 시간: 31.5131 초
학습 완료
Validation Loss: 0.000035
Validatio loss in my model : 0.000016
data : 100000
